# VIDEO: /Users/tinker.chen/Downloads/IMG_6883.MOV
29.2 35.2
41.0 44.8
53.5 65.1
72.6 76.4
81.7 84.7
90.9 103.7
110.8 119.6
126.8 132.1
140.4 157.2
165.6 169.9
175.0 198.2
206.2 219.1
224.6 235.4
241.3 246.3
251.6 254.7
260.4 270.4
276.3 281.9
286.9 305.2
316.4 324.2
329.1 339.5
344.9 349.1
354.8 361.7
367.0 377.7
394.2 406.0
412.6 421.0
426.4 436.5
447.9 452.1
456.9 460.1
467.3 472.8
478.0 484.8
493.5 497.8
503.1 507.9
513.1 523.9
532.8 537.9
543.5 545.5
553.7 561.8
575.6 581.4
586.8 595.3
601.9 608.4
614.6 624.1
