# VIDEO: /Users/tinker.chen/Downloads/IMG_6884.MOV
19.5 29.4
28.4 43.1
28.4 43.4
28.6 32.2
39.0 41.5
50.0 54.5
59.5 67.0
72.0 83.1
88.0 96.6
106.0 121.4
128.3 135.2
140.3 146.3
151.6 156.4
166.1 171.0
176.8 180.2
185.4 188.4
193.5 200.5
212.8 217.1
230.9 245.1
250.5 257.0
262.5 277.1
284.1 292.4
299.4 308.1
324.2 332.4
338.7 354.1
359.5 365.1
369.9 391.9
398.2 403.8
408.8 423.6
436.7 448.4
453.5 459.3
479.5 491.4
497.0 503.0
508.5 511.9
517.0 520.3
525.6 529.3
536.4 542.0
547.7 554.8
560.0 565.5
572.7 580.1
587.1 593.1
598.5 617.1
