# VIDEO: /Users/tinker.chen/Downloads/IMG_6882.MOV
9.6 19.3
27.0 36.1
44.4 50.6
59.4 65.9
71.2 76.8
82.6 93.7
105.3 111.0
119.4 125.3
132.4 140.8
149.4 158.0
170.9 180.4
217.1 231.9
238.8 243.5
249.9 254.1
260.4 266.2
272.0 277.1
282.7 299.9
310.1 321.2
333.2 340.6
346.3 362.5
371.4 381.1
387.9 393.4
399.7 409.3
417.3 431.0
438.0 443.3
449.3 463.2
469.8 476.7
481.7 489.9
498.0 510.1
519.5 527.0
537.4 541.1
556.8 563.9
572.6 588.4
593.4 603.4
609.8 623.1
628.6 635.2
643.2 650.2
655.4 663.5
672.7 678.2
683.5 700.0
706.6 712.7
